version https://git-lfs.github.com/spec/v1
oid sha256:e752a2744023847ae06bf2c0ced78f7cfc5aa62f140aa311f10b7f5a9512d482
size 51634
